[2.83926675 3.23917623 5.3995144  5.78290255 5.1177813  4.5114317 ],"[  3.23917623 -10.           6.57392225   6.91410271   5.92767935
   5.07176282]",[ 5.3995144   6.57392225 10.          8.26458623  6.86336873  5.72041468],[5.78290255 6.91410271 8.26458623 7.09449139 6.06094535 5.16884895],[5.1177813  5.92767935 6.86336873 6.06094535 5.20252781 4.56021841],[4.5114317  5.07176282 5.72041468 5.16884895 4.56021841 4.01513946]
